0.000000000000000000e+00
0.000000000000000000e+00
0.000000000000000000e+00
0.000000000000000000e+00
2.524871185472635915e+01
6.033367873218570310e+01
1.136584803629695273e+02
1.141732608378569722e+02
1.102972316200031031e+02
1.271286818471824347e+02
1.110041786963649884e+02
1.214610110480070801e+02
1.629191108483817345e+02
1.683716890525490157e+02
1.980000000000000000e+02
1.980000000000000000e+02
1.980000000000000000e+02
1.980000000000000000e+02
0.000000000000000000e+00
0.000000000000000000e+00
0.000000000000000000e+00
0.000000000000000000e+00
2.728727319314904420e+00
2.863922726872466296e+00
6.322918469882951342e+01
6.381191343487731871e+01
5.969495690125018683e+01
8.402602397618457530e+01
6.153076069512338364e+01
6.562143839749684560e+01
8.346585164885644303e+01
9.746726159594290095e+01
1.099999999999999432e+02
1.099999999999999716e+02
1.099999999999999716e+02
1.100000000000000000e+02
0.000000000000000000e+00
0.000000000000000000e+00
0.000000000000000000e+00
0.000000000000000000e+00
7.450083417683325493e+00
1.746406466300766525e+01
3.105401368653376082e+01
3.257258947373107105e+01
2.966025736647423372e+01
3.274599392180132895e+01
3.081947144566252916e+01
3.281062481066811642e+01
4.241180108028049744e+01
4.394633372901611779e+01
6.709999999999999432e+01
6.709999999999999432e+01
6.709999999999999432e+01
6.709999999999999432e+01
8.500000000000000611e-02
8.500000000000000611e-02
8.500000000000000611e-02
8.500000000000000611e-02
2.821956966169573144e-01
3.041924214452137454e-01
6.906410155305044984e-01
7.616853963093925817e-01
6.897418024886320387e-01
7.545025708873176473e-01
5.430586054400423635e-01
7.609765141849724746e-01
1.388712442641434341e+00
1.549825305604893622e+00
2.419999999999999929e+00
2.419999999999999929e+00
2.419999999999999929e+00
2.419999999999999929e+00
0.000000000000000000e+00
0.000000000000000000e+00
0.000000000000000000e+00
0.000000000000000000e+00
9.396776885134017644e-04
1.125352144313693653e-01
8.759705753666092720e-01
9.747867663253546588e-01
1.000000000000000000e+00
1.000000000000000000e+00
1.000000000000000000e+00
1.000000000000000000e+00
