0.000000000000000000e+00
0.000000000000000000e+00
0.000000000000000000e+00
3.597987963973763215e+01
4.310091260444239936e+01
7.194993545942647017e+01
7.752468248098388415e+01
8.944147850619498286e+01
9.515709933858350666e+01
9.801211914843293016e+01
1.306039512027048488e+02
1.688011214032158307e+02
1.989999999999999716e+02
1.989999999999999716e+02
1.989999999999999716e+02
0.000000000000000000e+00
0.000000000000000000e+00
0.000000000000000000e+00
1.477006906611331338e+01
1.782848680264399377e+01
4.500816172420369554e+01
5.620541912439541932e+01
7.373661836934076064e+01
9.214315329163909496e+01
9.881211193456992703e+01
9.460842825700623848e+01
9.711282322180444737e+01
1.100000000000000000e+02
1.100000000000000000e+02
1.100000000000000000e+02
0.000000000000000000e+00
0.000000000000000000e+00
0.000000000000000000e+00
9.284856555908204356e+00
1.203406984166397820e+01
3.826139290082652078e+00
1.458293185043899243e+01
2.665336403097169793e+01
3.965688210036064731e+01
4.100946232999000785e+01
2.693808520548458318e+01
3.196728796794307570e+01
5.939999999999999147e+01
5.939999999999999147e+01
5.939999999999999147e+01
8.500000000000000611e-02
8.500000000000000611e-02
8.500000000000001998e-02
7.038160270374848038e-01
7.044758344270317663e-01
3.230401252770606080e-01
3.298097402942107292e-01
6.981906459478609550e-01
1.380845041232547477e+00
1.394485520918302690e+00
5.400003072123895631e-01
6.876550912601939736e-01
2.419999999999999929e+00
2.419999999999999929e+00
2.419999999999999929e+00
0.000000000000000000e+00
0.000000000000000000e+00
0.000000000000000000e+00
9.040553530686570305e-01
9.845066703206717396e-01
6.097022141317035571e-01
7.899422619284032221e-01
1.000000000000000000e+00
1.000000000000000000e+00
1.000000000000000000e+00
