0.000000000000000000e+00
0.000000000000000000e+00
1.370342963384510426e+02
6.851290430440351020e-01
1.054032805882589656e+02
1.353113471533475831e+02
1.593743661639343827e+02
1.216908281027956340e+00
1.440302286006910322e+02
1.980000000000000000e+02
1.980000000000000568e+02
1.793680913732606852e+00
0.000000000000000000e+00
0.000000000000000000e+00
4.327917894826177303e+01
7.370891378247990122e-01
2.940999166347706151e+01
4.552459797507945893e+01
7.550957007359824047e+01
6.389001831681835331e-01
6.056394098487160704e+01
1.220000000000000142e+02
1.220000000000000426e+02
5.438831477112433532e-01
0.000000000000000000e+00
0.000000000000000000e+00
2.948007749069043726e+01
5.336804287989369566e-01
1.026168842094735290e+01
3.022158669863596359e+01
4.406096153830934270e+01
1.803809438169134416e-01
3.955875205104601378e+01
6.709999999999999432e+01
6.709999999999999432e+01
3.511614947224568350e-01
8.499999999999999223e-02
8.499999999999999223e-02
2.361292594586258398e-01
1.635703588524888008e-02
4.085399895880612586e-01
1.008539975536623112e+00
1.722399240544829402e+00
1.690998708584185925e-02
2.010265520347058299e+00
2.329000000000000181e+00
2.329000000000000181e+00
4.627476587871392349e-03
0.000000000000000000e+00
0.000000000000000000e+00
5.489294572361462787e-01
3.811279818866251598e-03
2.613388717527621030e-01
1.000000000000000000e+00
1.000000000000000000e+00
5.886255542543997535e-03
